-10.000000 -10.000000 -10.000000 -10.000000 -10.000000 -10.000000 -10.000000 -10.000000 -10.000000 -10.000000 -10.000000 -10.000000 -10.000000 -10.000000 -10.000000 -10.000000 -10.000000 -10.000000 -10.000000 -10.000000 -10.000000 -10.000000 -10.000000 -10.000000 -10.000000 -10.000000 -10.000000 -10.000000 -10.000000 -10.000000 -10.000000 -10.000000 -10.000000 -10.000000 -10.000000 -10.000000 -10.000000 -10.000000 -10.000000 -10.000000 -10.000000 -10.000000 -10.000000 -10.000000 -10.000000 -10.000000 -10.000000 -10.000000 -10.000000 -10.000000 -10.000000 
10.000000 -0.000000 -3.952997 -5.811987 -6.829516 -7.456325 -7.877379 -8.178490 -8.403908 -8.578515 -8.717304 -8.829821 -8.922419 -8.999480 -9.064114 -9.118587 -9.164575 -9.203343 -9.235851 -9.262839 -9.284871 -9.302380 -9.315690 -9.325039 -9.330586 -9.332425 -9.330586 -9.325039 -9.315690 -9.302380 -9.284871 -9.262839 -9.235851 -9.203343 -9.164575 -9.118587 -9.064114 -8.999480 -8.922419 -8.829821 -8.717304 -8.578515 -8.403908 -8.178490 -7.877379 -7.456325 -6.829516 -5.811987 -3.952997 0.000000 10.000000 
10.000000 3.952997 -0.000000 -2.465434 -4.049751 -5.118405 -5.874703 -6.432672 -6.858626 -7.192847 -7.460880 -7.679562 -7.860376 -8.011385 -8.138391 -8.245657 -8.336370 -8.412944 -8.477224 -8.530633 -8.574265 -8.608958 -8.635342 -8.653879 -8.664880 -8.668527 -8.664880 -8.653879 -8.635342 -8.608958 -8.574265 -8.530633 -8.477224 -8.412944 -8.336370 -8.245657 -8.138391 -8.011385 -7.860376 -7.679562 -7.460880 -7.192847 -6.858626 -6.432672 -5.874703 -5.118405 -4.049751 -2.465434 0.000000 3.952997 10.000000 
10.000000 5.811987 2.465434 -0.000000 -1.785648 -3.092842 -4.070354 -4.818871 -5.405077 -5.873369 -6.253806 -6.567170 -6.828138 -7.047293 -7.232407 -7.389281 -7.522305 -7.634838 -7.729469 -7.808205 -7.872598 -7.923844 -7.962843 -7.990254 -8.006527 -8.011923 -8.006527 -7.990254 -7.962843 -7.923844 -7.872598 -7.808205 -7.729469 -7.634838 -7.522305 -7.389281 -7.232407 -7.047293 -6.828138 -6.567170 -6.253806 -5.873369 -5.405077 -4.818871 -4.070354 -3.092842 -1.785648 0.000000 2.465434 5.811987 10.000000 
10.000000 6.829516 4.049751 1.785648 -0.000000 -1.396960 -2.495000 -3.367381 -4.069441 -4.641745 -5.113806 -5.507173 -5.837713 -6.117242 -6.354664 -6.556756 -6.728732 -6.874633 -6.997609 -7.100119 -7.184080 -7.250976 -7.301930 -7.337768 -7.359053 -7.366112 -7.359053 -7.337768 -7.301930 -7.250976 -7.184080 -7.100119 -6.997609 -6.874633 -6.728732 -6.556756 -6.354664 -6.117242 -5.837713 -5.507173 -5.113806 -4.641745 -4.069441 -3.367381 -2.495000 -1.396960 0.000000 1.785648 4.049751 6.829516 10.000000 
10.000000 7.456325 5.118405 3.092842 1.396960 -0.000000 -1.145303 -2.086214 -2.863561 -3.510362 -4.052502 -4.510003 -4.898297 -5.229300 -5.512249 -5.754346 -5.961233 -6.137355 -6.286215 -6.410581 -6.512628 -6.594048 -6.656134 -6.699836 -6.725803 -6.734418 -6.725803 -6.699836 -6.656134 -6.594048 -6.512628 -6.410581 -6.286215 -6.137355 -5.961233 -5.754346 -5.512249 -5.229300 -4.898297 -4.510003 -4.052502 -3.510362 -2.863561 -2.086214 -1.145303 0.000000 1.396960 3.092842 5.118405 7.456325 10.000000 
10.000000 7.877379 5.874703 4.070354 2.495000 1.145303 -0.000000 -0.968610 -1.788226 -2.483642 -3.075837 -3.582039 -4.016174 -4.389412 -4.710687 -4.987144 -5.224501 -5.427337 -5.599315 -5.743362 -5.861802 -5.956456 -6.028723 -6.079636 -6.109908 -6.119952 -6.109908 -6.079636 -6.028723 -5.956456 -5.861802 -5.743362 -5.599315 -5.427337 -5.224501 -4.987144 -4.710687 -4.389412 -4.016174 -3.582039 -3.075837 -2.483642 -1.788226 -0.968610 0.000000 1.145303 2.495000 4.070354 5.874703 7.877379 10.000000 
10.000000 8.178490 6.432672 4.818871 3.367381 2.086214 0.968610 -0.000000 -0.837092 -1.560142 -2.185165 -2.726144 -3.194948 -3.601485 -3.953942 -4.259043 -4.522291 -4.748176 -4.940345 -5.101752 -5.234763 -5.341251 -5.422664 -5.480079 -5.514238 -5.525577 -5.514238 -5.480079 -5.422664 -5.341251 -5.234763 -5.101752 -4.940345 -4.748176 -4.522291 -4.259043 -3.953942 -3.601485 -3.194948 -2.726144 -2.185165 -1.560142 -0.837092 0.000000 0.968610 2.086214 3.367381 4.818871 6.432672 8.178490 10.000000 
10.000000 8.403908 6.858626 5.405077 4.069441 2.863561 1.788226 0.837092 -0.000000 -0.734670 -1.378536 -1.942422 -2.435989 -2.867640 -3.244553 -3.572795 -3.857445 -4.102729 -4.312139 -4.488537 -4.634246 -4.751120 -4.840605 -4.903778 -4.941390 -4.953878 -4.941390 -4.903778 -4.840605 -4.751120 -4.634246 -4.488537 -4.312139 -4.102729 -3.857445 -3.572795 -3.244553 -2.867640 -2.435989 -1.942422 -1.378536 -0.734670 0.000000 0.837092 1.788226 2.863561 4.069441 5.405077 6.858626 8.403908 10.000000 
10.000000 8.578515 7.192847 5.873369 4.641745 3.510362 2.483642 1.560142 0.734670 -0.000000 -0.651889 -1.229019 -1.738947 -2.188531 -2.583837 -2.930139 -3.231966 -3.493157 -3.716943 -3.906011 -4.062564 -4.188380 -4.284856 -4.353040 -4.393663 -4.407157 -4.393663 -4.353040 -4.284856 -4.188380 -4.062564 -3.906011 -3.716943 -3.493157 -3.231966 -2.930139 -2.583837 -2.188531 -1.738947 -1.229019 -0.651889 0.000000 0.734670 1.560142 2.483642 3.510362 4.641745 5.873369 7.192847 8.578515 10.000000 
10.000000 8.717304 7.460880 6.253806 5.113806 4.052502 3.075837 2.185165 1.378536 0.651889 -0.000000 -0.582817 -1.102250 -1.563699 -1.972122 -2.331960 -2.647120 -2.920990 -3.156467 -3.355999 -3.521618 -3.654980 -3.757398 -3.829862 -3.873067 -3.887423 -3.873067 -3.829862 -3.757398 -3.654981 -3.521618 -3.355999 -3.156467 -2.920990 -2.647120 -2.331960 -1.972122 -1.563699 -1.102250 -0.582817 0.000000 0.651889 1.378536 2.185165 3.075837 4.052502 5.113806 6.253806 7.460880 8.717304 10.000000 
10.000000 8.829821 7.679562 6.567170 5.507173 4.510003 3.582039 2.726144 1.942422 1.229019 0.582817 -0.000000 -0.523536 -0.991894 -1.408994 -1.778459 -2.103566 -2.387215 -2.631937 -2.839900 -3.012928 -3.152526 -3.259893 -3.335943 -3.381319 -3.396403 -3.381319 -3.335943 -3.259893 -3.152526 -3.012928 -2.839900 -2.631937 -2.387215 -2.103566 -1.778459 -1.408994 -0.991894 -0.523536 0.000000 0.582817 1.229019 1.942422 2.726144 3.582039 4.510003 5.507173 6.567170 7.679562 8.829821 10.000000 
10.000000 8.922419 7.860376 6.828138 5.837713 4.898297 4.016174 3.194948 2.435989 1.738947 1.102250 0.523536 -0.000000 -0.471348 -0.893499 -1.269317 -1.601468 -1.892368 -2.144166 -2.358734 -2.537670 -2.682303 -2.793705 -2.872699 -2.919864 -2.935548 -2.919864 -2.872699 -2.793705 -2.682303 -2.537670 -2.358734 -2.144166 -1.892368 -1.601468 -1.269317 -0.893499 -0.471348 0.000000 0.523536 1.102250 1.738947 2.435989 3.194948 4.016174 4.898297 5.837713 6.828138 7.860376 8.922419 10.000000 
10.000000 8.999480 8.011385 7.047293 6.117242 5.229300 4.389412 3.601485 2.867640 2.188531 1.563699 0.991894 0.471348 -0.000000 -0.424335 -0.803843 -1.140620 -1.436623 -1.693626 -1.913201 -2.096714 -2.245311 -2.359926 -2.441282 -2.489892 -2.506061 -2.489892 -2.441282 -2.359926 -2.245311 -2.096714 -1.913201 -1.693626 -1.436623 -1.140620 -0.803843 -0.424335 0.000000 0.471348 0.991894 1.563699 2.188531 2.867640 3.601485 4.389412 5.229300 6.117242 7.047293 8.011385 8.999480 10.000000 
10.000000 9.064114 8.138391 7.232407 6.354664 5.512249 4.710687 3.953942 3.244553 2.583837 1.972122 1.408994 0.893499 0.424335 -0.000000 -0.381098 -0.720548 -1.019879 -1.280511 -1.503732 -1.690673 -1.842300 -1.959407 -2.042612 -2.092359 -2.108911 -2.092359 -2.042612 -1.959407 -1.842300 -1.690673 -1.503732 -1.280511 -1.019879 -0.720548 -0.381098 0.000000 0.424335 0.893499 1.408994 1.972122 2.583837 3.244553 3.953942 4.710687 5.512249 6.354664 7.232407 8.138391 9.064114 10.000000 
10.000000 9.118587 8.245657 7.389281 6.556756 5.754346 4.987144 4.259043 3.572795 2.930139 2.331960 1.778459 1.269317 0.803843 0.381098 -0.000000 -0.340595 -0.641832 -0.904809 -1.130543 -1.319946 -1.473809 -1.592788 -1.677401 -1.728020 -1.744868 -1.728020 -1.677401 -1.592788 -1.473809 -1.319946 -1.130543 -0.904809 -0.641832 -0.340595 0.000000 0.381098 0.803843 1.269317 1.778459 2.331960 2.930139 3.572795 4.259043 4.987144 5.754346 6.556756 7.389281 8.245657 9.118587 10.000000 
10.000000 9.164575 8.336370 7.522305 6.728732 5.961233 5.224501 4.522291 3.857445 3.231966 2.647120 2.103566 1.601468 1.140620 0.720548 0.340595 -0.000000 -0.302045 -0.566349 -0.793684 -0.984760 -1.140201 -1.260536 -1.346185 -1.397452 -1.414520 -1.397452 -1.346185 -1.260536 -1.140201 -0.984760 -0.793684 -0.566349 -0.302045 0.000000 0.340595 0.720548 1.140620 1.601468 2.103566 2.647120 3.231966 3.857445 4.522291 5.224501 5.961233 6.728732 7.522305 8.336370 9.164575 10.000000 
10.000000 9.203343 8.412944 7.634838 6.874633 6.137355 5.427337 4.748176 4.102729 3.493157 2.920990 2.387215 1.892368 1.436623 1.019879 0.641832 0.302045 -0.000000 -0.264859 -0.493086 -0.685207 -0.841699 -0.962971 -1.049351 -1.101081 -1.118308 -1.101081 -1.049351 -0.962971 -0.841699 -0.685207 -0.493086 -0.264859 0.000000 0.302045 0.641832 1.019879 1.436623 1.892368 2.387215 2.920990 3.493157 4.102729 4.748176 5.427337 6.137355 6.874633 7.634838 8.412944 9.203343 10.000000 
10.000000 9.235851 8.477224 7.729469 6.997609 6.286215 5.599315 4.940345 4.312139 3.716943 3.156467 2.631937 2.144166 1.693626 1.280511 0.904809 0.566349 0.264859 -0.000000 -0.228593 -0.421284 -0.578418 -0.700297 -0.787168 -0.839215 -0.856551 -0.839215 -0.787168 -0.700297 -0.578418 -0.421284 -0.228593 0.000000 0.264859 0.566349 0.904809 1.280511 1.693626 2.144166 2.631937 3.156467 3.716943 4.312139 4.940345 5.599315 6.286215 6.997609 7.729469 8.477224 9.235851 10.000000 
10.000000 9.262839 8.530633 7.808205 7.100119 6.410581 5.743362 5.101752 4.488537 3.906011 3.355999 2.839900 2.358734 1.913201 1.503732 1.130543 0.793684 0.493086 0.228593 -0.000000 -0.192919 -0.350393 -0.472630 -0.559807 -0.612058 -0.629466 -0.612058 -0.559807 -0.472630 -0.350393 -0.192919 0.000000 0.228593 0.493086 0.793684 1.130543 1.503732 1.913201 2.358734 2.839900 3.355999 3.906011 4.488537 5.101752 5.743362 6.410581 7.100119 7.808205 8.530633 9.262839 10.000000 
10.000000 9.284871 8.574265 7.872598 7.184080 6.512628 5.861802 5.234763 4.634246 4.062564 3.521618 3.012928 2.537670 2.096714 1.690673 1.319946 0.984760 0.685207 0.421284 0.192919 -0.000000 -0.157604 -0.280023 -0.367374 -0.419746 -0.437196 -0.419746 -0.367374 -0.280023 -0.157604 0.000000 0.192919 0.421284 0.685207 0.984760 1.319946 1.690673 2.096714 2.537670 3.012928 3.521618 4.062564 4.634246 5.234763 5.861802 6.512628 7.184080 7.872598 8.574265 9.284871 10.000000 
10.000000 9.302380 8.608958 7.923844 7.250976 6.594048 5.956456 5.341251 4.751120 4.188380 3.654980 3.152526 2.682303 2.245311 1.842300 1.473809 1.140201 0.841699 0.578418 0.350393 0.157604 -0.000000 -0.122485 -0.209918 -0.262354 -0.279828 -0.262354 -0.209918 -0.122485 0.000000 0.157604 0.350393 0.578418 0.841699 1.140201 1.473809 1.842300 2.245311 2.682303 3.152526 3.654980 4.188380 4.751120 5.341251 5.956456 6.594048 7.250976 7.923844 8.608958 9.302380 10.000000 
10.000000 9.315690 8.635342 7.962843 7.301930 6.656134 6.028723 5.422664 4.840605 4.284856 3.757398 3.259893 2.793705 2.359926 1.959407 1.592788 1.260536 0.962971 0.700297 0.472630 0.280023 0.122485 -0.000000 -0.087461 -0.139924 -0.157409 -0.139924 -0.087461 0.000000 0.122485 0.280023 0.472630 0.700297 0.962971 1.260536 1.592788 1.959407 2.359926 2.793705 3.259893 3.757398 4.284856 4.840605 5.422664 6.028723 6.656134 7.301930 7.962843 8.635342 9.315690 10.000000 
10.000000 9.325039 8.653879 7.990254 7.337768 6.699836 6.079636 5.480079 4.903778 4.353040 3.829862 3.335943 2.872699 2.441282 2.042612 1.677401 1.346185 1.049351 0.787168 0.559807 0.367374 0.209918 0.087461 -0.000000 -0.052471 -0.069960 -0.052471 -0.000000 0.087461 0.209918 0.367374 0.559807 0.787168 1.049351 1.346185 1.677401 2.042612 2.441282 2.872699 3.335943 3.829862 4.353040 4.903778 5.480079 6.079636 6.699835 7.337768 7.990254 8.653879 9.325039 10.000000 
10.000000 9.330586 8.664880 8.006527 7.359053 6.725803 6.109908 5.514238 4.941390 4.393663 3.873067 3.381319 2.919864 2.489892 2.092359 1.728020 1.397452 1.101081 0.839215 0.612058 0.419746 0.262354 0.139924 0.052471 -0.000000 -0.017490 -0.000000 0.052471 0.139924 0.262354 0.419746 0.612058 0.839215 1.101081 1.397452 1.728020 2.092359 2.489892 2.919864 3.381319 3.873067 4.393663 4.941390 5.514238 6.109908 6.725803 7.359053 8.006527 8.664880 9.330586 10.000000 
10.000000 9.332425 8.668527 8.011923 7.366112 6.734418 6.119952 5.525577 4.953878 4.407157 3.887423 3.396403 2.935548 2.506061 2.108911 1.744868 1.414520 1.118308 0.856551 0.629466 0.437196 0.279828 0.157409 0.069960 0.017490 -0.000000 0.017490 0.069960 0.157409 0.279828 0.437196 0.629466 0.856551 1.118308 1.414520 1.744868 2.108911 2.506061 2.935548 3.396403 3.887423 4.407157 4.953878 5.525577 6.119952 6.734418 7.366112 8.011923 8.668527 9.332425 10.000000 
10.000000 9.330586 8.664880 8.006527 7.359053 6.725803 6.109908 5.514238 4.941390 4.393663 3.873067 3.381319 2.919864 2.489892 2.092359 1.728020 1.397452 1.101081 0.839215 0.612058 0.419746 0.262354 0.139924 0.052471 0.000000 -0.017490 -0.000000 0.052471 0.139924 0.262354 0.419746 0.612058 0.839215 1.101081 1.397452 1.728020 2.092359 2.489892 2.919864 3.381319 3.873067 4.393663 4.941390 5.514238 6.109908 6.725803 7.359053 8.006527 8.664880 9.330586 10.000000 
10.000000 9.325039 8.653879 7.990254 7.337768 6.699836 6.079636 5.480079 4.903778 4.353040 3.829862 3.335943 2.872699 2.441282 2.042612 1.677401 1.346185 1.049351 0.787168 0.559807 0.367374 0.209918 0.087461 0.000000 -0.052471 -0.069960 -0.052471 -0.000000 0.087461 0.209918 0.367374 0.559807 0.787168 1.049351 1.346185 1.677401 2.042612 2.441282 2.872699 3.335943 3.829862 4.353040 4.903778 5.480079 6.079636 6.699835 7.337768 7.990254 8.653879 9.325039 10.000000 
10.000000 9.315690 8.635342 7.962843 7.301930 6.656134 6.028723 5.422664 4.840605 4.284856 3.757398 3.259893 2.793705 2.359926 1.959407 1.592788 1.260536 0.962971 0.700297 0.472630 0.280023 0.122485 -0.000000 -0.087461 -0.139924 -0.157409 -0.139924 -0.087461 -0.000000 0.122485 0.280023 0.472630 0.700297 0.962971 1.260536 1.592788 1.959407 2.359926 2.793705 3.259893 3.757398 4.284856 4.840605 5.422664 6.028723 6.656134 7.301930 7.962843 8.635342 9.315690 10.000000 
10.000000 9.302380 8.608958 7.923844 7.250976 6.594048 5.956456 5.341251 4.751120 4.188380 3.654981 3.152526 2.682303 2.245311 1.842300 1.473809 1.140201 0.841699 0.578418 0.350393 0.157604 -0.000000 -0.122485 -0.209918 -0.262354 -0.279828 -0.262354 -0.209918 -0.122485 -0.000000 0.157604 0.350393 0.578418 0.841699 1.140201 1.473809 1.842300 2.245311 2.682303 3.152526 3.654980 4.188380 4.751120 5.341251 5.956456 6.594048 7.250976 7.923844 8.608958 9.302380 10.000000 
10.000000 9.284871 8.574265 7.872598 7.184080 6.512628 5.861802 5.234763 4.634246 4.062564 3.521618 3.012928 2.537670 2.096714 1.690673 1.319946 0.984760 0.685207 0.421284 0.192919 -0.000000 -0.157604 -0.280023 -0.367374 -0.419746 -0.437196 -0.419746 -0.367374 -0.280023 -0.157604 -0.000000 0.192919 0.421284 0.685207 0.984760 1.319946 1.690673 2.096714 2.537670 3.012928 3.521618 4.062564 4.634246 5.234763 5.861802 6.512628 7.184080 7.872598 8.574265 9.284871 10.000000 
10.000000 9.262839 8.530633 7.808205 7.100119 6.410581 5.743362 5.101752 4.488537 3.906011 3.355999 2.839900 2.358734 1.913201 1.503732 1.130543 0.793684 0.493086 0.228593 -0.000000 -0.192919 -0.350393 -0.472630 -0.559807 -0.612058 -0.629466 -0.612058 -0.559807 -0.472630 -0.350393 -0.192919 -0.000000 0.228593 0.493086 0.793684 1.130543 1.503732 1.913201 2.358734 2.839900 3.355999 3.906011 4.488537 5.101752 5.743362 6.410581 7.100119 7.808205 8.530633 9.262839 10.000000 
10.000000 9.235851 8.477224 7.729469 6.997609 6.286215 5.599315 4.940345 4.312139 3.716943 3.156467 2.631937 2.144166 1.693626 1.280511 0.904809 0.566349 0.264859 -0.000000 -0.228593 -0.421284 -0.578418 -0.700297 -0.787168 -0.839215 -0.856551 -0.839215 -0.787168 -0.700297 -0.578418 -0.421284 -0.228593 -0.000000 0.264859 0.566349 0.904809 1.280511 1.693626 2.144166 2.631937 3.156467 3.716943 4.312139 4.940345 5.599315 6.286215 6.997609 7.729469 8.477224 9.235851 10.000000 
10.000000 9.203343 8.412944 7.634838 6.874633 6.137355 5.427337 4.748176 4.102729 3.493157 2.920990 2.387215 1.892368 1.436623 1.019879 0.641832 0.302045 -0.000000 -0.264859 -0.493086 -0.685207 -0.841699 -0.962971 -1.049351 -1.101081 -1.118308 -1.101081 -1.049351 -0.962971 -0.841699 -0.685207 -0.493086 -0.264859 -0.000000 0.302045 0.641832 1.019879 1.436623 1.892368 2.387215 2.920990 3.493157 4.102729 4.748176 5.427337 6.137355 6.874633 7.634838 8.412944 9.203343 10.000000 
10.000000 9.164575 8.336370 7.522305 6.728732 5.961233 5.224501 4.522291 3.857445 3.231966 2.647120 2.103566 1.601468 1.140620 0.720548 0.340595 -0.000000 -0.302045 -0.566349 -0.793684 -0.984760 -1.140201 -1.260536 -1.346185 -1.397452 -1.414520 -1.397452 -1.346185 -1.260536 -1.140201 -0.984760 -0.793684 -0.566349 -0.302045 -0.000000 0.340595 0.720548 1.140620 1.601468 2.103566 2.647120 3.231966 3.857445 4.522291 5.224501 5.961233 6.728732 7.522305 8.336370 9.164575 10.000000 
10.000000 9.118587 8.245657 7.389281 6.556756 5.754346 4.987144 4.259043 3.572795 2.930139 2.331960 1.778459 1.269317 0.803843 0.381098 -0.000000 -0.340595 -0.641832 -0.904809 -1.130543 -1.319946 -1.473809 -1.592788 -1.677401 -1.728020 -1.744868 -1.728020 -1.677401 -1.592788 -1.473809 -1.319946 -1.130543 -0.904809 -0.641832 -0.340595 -0.000000 0.381098 0.803843 1.269317 1.778459 2.331960 2.930139 3.572795 4.259043 4.987144 5.754346 6.556756 7.389281 8.245657 9.118587 10.000000 
10.000000 9.064114 8.138391 7.232407 6.354664 5.512249 4.710687 3.953942 3.244553 2.583837 1.972122 1.408994 0.893499 0.424335 -0.000000 -0.381098 -0.720548 -1.019879 -1.280511 -1.503732 -1.690673 -1.842300 -1.959407 -2.042612 -2.092359 -2.108911 -2.092359 -2.042612 -1.959407 -1.842300 -1.690673 -1.503732 -1.280511 -1.019879 -0.720548 -0.381098 -0.000000 0.424335 0.893499 1.408994 1.972122 2.583837 3.244553 3.953942 4.710687 5.512249 6.354664 7.232407 8.138391 9.064114 10.000000 
10.000000 8.999480 8.011385 7.047293 6.117242 5.229300 4.389412 3.601485 2.867640 2.188531 1.563699 0.991894 0.471348 -0.000000 -0.424335 -0.803843 -1.140620 -1.436623 -1.693626 -1.913201 -2.096714 -2.245311 -2.359926 -2.441282 -2.489892 -2.506061 -2.489892 -2.441282 -2.359926 -2.245311 -2.096714 -1.913201 -1.693626 -1.436623 -1.140620 -0.803843 -0.424335 -0.000000 0.471348 0.991894 1.563699 2.188531 2.867640 3.601485 4.389412 5.229300 6.117242 7.047293 8.011385 8.999480 10.000000 
10.000000 8.922419 7.860376 6.828138 5.837713 4.898297 4.016174 3.194948 2.435989 1.738947 1.102250 0.523536 -0.000000 -0.471348 -0.893499 -1.269317 -1.601468 -1.892368 -2.144166 -2.358734 -2.537670 -2.682303 -2.793705 -2.872699 -2.919864 -2.935548 -2.919864 -2.872699 -2.793705 -2.682303 -2.537670 -2.358734 -2.144166 -1.892368 -1.601468 -1.269317 -0.893499 -0.471348 -0.000000 0.523536 1.102250 1.738947 2.435989 3.194948 4.016174 4.898297 5.837713 6.828138 7.860376 8.922419 10.000000 
10.000000 8.829821 7.679562 6.567170 5.507173 4.510003 3.582039 2.726144 1.942422 1.229019 0.582817 -0.000000 -0.523536 -0.991894 -1.408994 -1.778459 -2.103566 -2.387215 -2.631937 -2.839900 -3.012928 -3.152526 -3.259893 -3.335943 -3.381319 -3.396403 -3.381319 -3.335943 -3.259893 -3.152526 -3.012928 -2.839900 -2.631937 -2.387215 -2.103566 -1.778459 -1.408994 -0.991894 -0.523536 -0.000000 0.582817 1.229019 1.942422 2.726144 3.582039 4.510003 5.507173 6.567170 7.679562 8.829821 10.000000 
10.000000 8.717304 7.460880 6.253806 5.113806 4.052502 3.075837 2.185165 1.378536 0.651889 -0.000000 -0.582817 -1.102250 -1.563699 -1.972122 -2.331960 -2.647120 -2.920990 -3.156467 -3.355999 -3.521618 -3.654980 -3.757398 -3.829862 -3.873067 -3.887423 -3.873067 -3.829862 -3.757398 -3.654980 -3.521618 -3.355999 -3.156467 -2.920990 -2.647120 -2.331960 -1.972122 -1.563699 -1.102250 -0.582817 -0.000000 0.651889 1.378536 2.185165 3.075837 4.052502 5.113806 6.253806 7.460880 8.717304 10.000000 
10.000000 8.578515 7.192847 5.873369 4.641745 3.510362 2.483642 1.560142 0.734670 -0.000000 -0.651889 -1.229019 -1.738947 -2.188531 -2.583837 -2.930139 -3.231966 -3.493157 -3.716943 -3.906011 -4.062564 -4.188380 -4.284856 -4.353040 -4.393663 -4.407157 -4.393663 -4.353040 -4.284856 -4.188380 -4.062564 -3.906011 -3.716943 -3.493157 -3.231966 -2.930139 -2.583837 -2.188531 -1.738947 -1.229019 -0.651889 -0.000000 0.734670 1.560142 2.483642 3.510362 4.641745 5.873369 7.192847 8.578515 10.000000 
10.000000 8.403908 6.858626 5.405077 4.069441 2.863561 1.788226 0.837092 -0.000000 -0.734670 -1.378536 -1.942422 -2.435989 -2.867640 -3.244553 -3.572795 -3.857445 -4.102729 -4.312139 -4.488537 -4.634246 -4.751120 -4.840605 -4.903778 -4.941390 -4.953878 -4.941390 -4.903778 -4.840605 -4.751120 -4.634246 -4.488537 -4.312139 -4.102729 -3.857445 -3.572795 -3.244553 -2.867640 -2.435989 -1.942422 -1.378536 -0.734670 -0.000000 0.837092 1.788226 2.863561 4.069441 5.405077 6.858626 8.403908 10.000000 
10.000000 8.178490 6.432672 4.818871 3.367381 2.086214 0.968610 -0.000000 -0.837092 -1.560142 -2.185165 -2.726144 -3.194948 -3.601485 -3.953942 -4.259043 -4.522291 -4.748176 -4.940345 -5.101752 -5.234763 -5.341251 -5.422664 -5.480079 -5.514238 -5.525577 -5.514238 -5.480079 -5.422664 -5.341251 -5.234763 -5.101752 -4.940345 -4.748176 -4.522291 -4.259043 -3.953942 -3.601485 -3.194948 -2.726144 -2.185165 -1.560142 -0.837092 -0.000000 0.968610 2.086214 3.367381 4.818871 6.432672 8.178490 10.000000 
10.000000 7.877379 5.874703 4.070354 2.495000 1.145303 -0.000000 -0.968610 -1.788226 -2.483642 -3.075837 -3.582039 -4.016174 -4.389412 -4.710687 -4.987144 -5.224501 -5.427337 -5.599315 -5.743362 -5.861802 -5.956456 -6.028723 -6.079636 -6.109908 -6.119952 -6.109908 -6.079636 -6.028723 -5.956456 -5.861802 -5.743362 -5.599315 -5.427337 -5.224501 -4.987144 -4.710687 -4.389412 -4.016174 -3.582039 -3.075837 -2.483642 -1.788226 -0.968610 -0.000000 1.145303 2.495000 4.070354 5.874703 7.877379 10.000000 
10.000000 7.456325 5.118405 3.092842 1.396960 -0.000000 -1.145303 -2.086214 -2.863561 -3.510362 -4.052502 -4.510003 -4.898297 -5.229300 -5.512249 -5.754346 -5.961233 -6.137355 -6.286215 -6.410581 -6.512628 -6.594048 -6.656134 -6.699835 -6.725803 -6.734418 -6.725803 -6.699835 -6.656134 -6.594048 -6.512628 -6.410581 -6.286215 -6.137355 -5.961233 -5.754346 -5.512249 -5.229300 -4.898297 -4.510003 -4.052502 -3.510362 -2.863561 -2.086214 -1.145303 -0.000000 1.396960 3.092842 5.118405 7.456325 10.000000 
10.000000 6.829516 4.049751 1.785648 -0.000000 -1.396960 -2.495000 -3.367381 -4.069441 -4.641745 -5.113806 -5.507173 -5.837713 -6.117242 -6.354664 -6.556756 -6.728732 -6.874633 -6.997609 -7.100119 -7.184080 -7.250976 -7.301930 -7.337768 -7.359053 -7.366112 -7.359053 -7.337768 -7.301930 -7.250976 -7.184080 -7.100119 -6.997609 -6.874633 -6.728732 -6.556756 -6.354664 -6.117242 -5.837713 -5.507173 -5.113806 -4.641745 -4.069441 -3.367381 -2.495000 -1.396960 -0.000000 1.785648 4.049751 6.829516 10.000000 
10.000000 5.811987 2.465434 -0.000000 -1.785648 -3.092842 -4.070354 -4.818871 -5.405077 -5.873369 -6.253806 -6.567170 -6.828138 -7.047293 -7.232407 -7.389281 -7.522305 -7.634838 -7.729469 -7.808205 -7.872598 -7.923844 -7.962843 -7.990254 -8.006527 -8.011923 -8.006527 -7.990254 -7.962843 -7.923844 -7.872598 -7.808205 -7.729469 -7.634838 -7.522305 -7.389281 -7.232407 -7.047293 -6.828138 -6.567170 -6.253806 -5.873369 -5.405077 -4.818871 -4.070354 -3.092842 -1.785648 0.000000 2.465434 5.811987 10.000000 
10.000000 3.952997 -0.000000 -2.465434 -4.049751 -5.118405 -5.874703 -6.432672 -6.858626 -7.192847 -7.460880 -7.679562 -7.860376 -8.011385 -8.138391 -8.245657 -8.336370 -8.412944 -8.477224 -8.530633 -8.574265 -8.608958 -8.635342 -8.653879 -8.664880 -8.668527 -8.664880 -8.653879 -8.635342 -8.608958 -8.574265 -8.530633 -8.477224 -8.412944 -8.336370 -8.245657 -8.138391 -8.011385 -7.860376 -7.679562 -7.460880 -7.192847 -6.858626 -6.432672 -5.874703 -5.118405 -4.049751 -2.465434 0.000000 3.952997 10.000000 
10.000000 -0.000000 -3.952997 -5.811987 -6.829516 -7.456325 -7.877379 -8.178490 -8.403908 -8.578515 -8.717304 -8.829821 -8.922419 -8.999480 -9.064114 -9.118587 -9.164575 -9.203343 -9.235851 -9.262839 -9.284871 -9.302380 -9.315690 -9.325039 -9.330586 -9.332425 -9.330586 -9.325039 -9.315690 -9.302380 -9.284871 -9.262839 -9.235851 -9.203343 -9.164575 -9.118587 -9.064114 -8.999480 -8.922419 -8.829821 -8.717304 -8.578515 -8.403908 -8.178490 -7.877379 -7.456325 -6.829516 -5.811987 -3.952997 0.000000 10.000000 
