-10.000000 -10.000000 -10.000000 -10.000000 -10.000000 -10.000000 -10.000000 -10.000000 -10.000000 -10.000000 -10.000000 -10.000000 -10.000000 -10.000000 -10.000000 -10.000000 -10.000000 -10.000000 -10.000000 -10.000000 -10.000000 -10.000000 -10.000000 -10.000000 -10.000000 -10.000000 -10.000000 -10.000000 -10.000000 -10.000000 -10.000000 -10.000000 -10.000000 -10.000000 -10.000000 -10.000000 -10.000000 -10.000000 -10.000000 -10.000000 -10.000000 -10.000000 -10.000000 -10.000000 -10.000000 -10.000000 -10.000000 -10.000000 -10.000000 -10.000000 -10.000000 -10.000000 -10.000000 -10.000000 -10.000000 -10.000000 -10.000000 -10.000000 -10.000000 -10.000000 -10.000000 -10.000000 -10.000000 -10.000000 -10.000000 -10.000000 -10.000000 -10.000000 -10.000000 -10.000000 -10.000000 -10.000000 -10.000000 -10.000000 -10.000000 -10.000000 -10.000000 -10.000000 -10.000000 -10.000000 -10.000000 -10.000000 -10.000000 -10.000000 -10.000000 -10.000000 -10.000000 -10.000000 -10.000000 -10.000000 -10.000000 -10.000000 -10.000000 -10.000000 -10.000000 -10.000000 -10.000000 -10.000000 -10.000000 -10.000000 -10.000000 -10.000000 -10.000000 -10.000000 -10.000000 -10.000000 -10.000000 -10.000000 -10.000000 -10.000000 -10.000000 -10.000000 -10.000000 -10.000000 -10.000000 -10.000000 -10.000000 -10.000000 -10.000000 -10.000000 -10.000000 -10.000000 -10.000000 -10.000000 -10.000000 -10.000000 -10.000000 -10.000000 -10.000000 -10.000000 -10.000000 -10.000000 -10.000000 -10.000000 -10.000000 -10.000000 -10.000000 -10.000000 -10.000000 -10.000000 -10.000000 -10.000000 -10.000000 -10.000000 -10.000000 -10.000000 -10.000000 -10.000000 -10.000000 -10.000000 -10.000000 -10.000000 -10.000000 -10.000000 -10.000000 -10.000000 -10.000000 -10.000000 -10.000000 -10.000000 -10.000000 -10.000000 -10.000000 -10.000000 -10.000000 -10.000000 -10.000000 -10.000000 -10.000000 -10.000000 -10.000000 -10.000000 -10.000000 -10.000000 -10.000000 -10.000000 -10.000000 -10.000000 -10.000000 -10.000000 -10.000000 -10.000000 -10.000000 -10.000000 -10.000000 -10.000000 -10.000000 -10.000000 -10.000000 -10.000000 -10.000000 -10.000000 -10.000000 -10.000000 -10.000000 -10.000000 -10.000000 -10.000000 -10.000000 -10.000000 -10.000000 
10.000000 -0.000000 -3.953054 -5.812217 -6.830092 -7.457478 -7.879397 -8.181718 -8.408751 -8.585436 -8.726824 -8.842522 -8.938942 -9.020529 -9.090459 -9.151060 -9.204081 -9.250858 -9.292431 -9.329621 -9.363083 -9.393350 -9.420857 -9.445962 -9.468966 -9.490118 -9.509633 -9.527691 -9.544447 -9.560036 -9.574572 -9.588158 -9.600881 -9.612819 -9.624040 -9.634605 -9.644567 -9.653976 -9.662872 -9.671296 -9.679281 -9.686859 -9.694058 -9.700904 -9.707419 -9.713625 -9.719541 -9.725185 -9.730572 -9.735719 -9.740637 -9.745340 -9.749840 -9.754146 -9.758269 -9.762217 -9.765999 -9.769624 -9.773097 -9.776427 -9.779618 -9.782677 -9.785610 -9.788421 -9.791115 -9.793697 -9.796170 -9.798539 -9.800807 -9.802977 -9.805054 -9.807038 -9.808934 -9.810744 -9.812470 -9.814115 -9.815681 -9.817169 -9.818582 -9.819921 -9.821189 -9.822385 -9.823513 -9.824573 -9.825566 -9.826493 -9.827356 -9.828156 -9.828893 -9.829568 -9.830183 -9.830736 -9.831230 -9.831665 -9.832040 -9.832358 -9.832617 -9.832818 -9.832962 -9.833048 -9.833077 -9.833048 -9.832962 -9.832818 -9.832617 -9.832358 -9.832040 -9.831665 -9.831230 -9.830736 -9.830183 -9.829568 -9.828893 -9.828156 -9.827356 -9.826493 -9.825566 -9.824573 -9.823513 -9.822385 -9.821189 -9.819921 -9.818582 -9.817169 -9.815681 -9.814115 -9.812470 -9.810744 -9.808934 -9.807038 -9.805054 -9.802977 -9.800807 -9.798539 -9.796170 -9.793697 -9.791115 -9.788421 -9.785610 -9.782677 -9.779618 -9.776427 -9.773097 -9.769624 -9.765999 -9.762217 -9.758269 -9.754146 -9.749840 -9.745340 -9.740637 -9.735719 -9.730572 -9.725185 -9.719541 -9.713625 -9.707419 -9.700904 -9.694058 -9.686859 -9.679281 -9.671296 -9.662872 -9.653976 -9.644567 -9.634605 -9.624040 -9.612819 -9.600881 -9.588158 -9.574572 -9.560036 -9.544447 -9.527691 -9.509633 -9.490118 -9.468966 -9.445962 -9.420857 -9.393350 -9.363083 -9.329621 -9.292431 -9.250858 -9.204081 -9.151060 -9.090459 -9.020529 -8.938942 -8.842522 -8.726824 -8.585436 -8.408751 -8.181718 -7.879397 -7.457478 -6.830092 -5.812217 -3.953054 0.000000 10.000000 
10.000000 3.953054 -0.000000 -2.465723 -4.050673 -5.120422 -5.878391 -6.438725 -6.867850 -7.206168 -7.479339 -7.704321 -7.892718 -8.052716 -8.190245 -8.309701 -8.414406 -8.506921 -8.589246 -8.662968 -8.729361 -8.789461 -8.844115 -8.894026 -8.939782 -8.981874 -9.020723 -9.056683 -9.090062 -9.121123 -9.150095 -9.177178 -9.202547 -9.226354 -9.248736 -9.269812 -9.289689 -9.308463 -9.326217 -9.343030 -9.358970 -9.374097 -9.388470 -9.402137 -9.415147 -9.427539 -9.439354 -9.450626 -9.461386 -9.471665 -9.481490 -9.490885 -9.499873 -9.508475 -9.516712 -9.524600 -9.532157 -9.539399 -9.546339 -9.552991 -9.559368 -9.565481 -9.571342 -9.576959 -9.582343 -9.587502 -9.592445 -9.597179 -9.601712 -9.606049 -9.610198 -9.614165 -9.617954 -9.621572 -9.625022 -9.628310 -9.631439 -9.634414 -9.637238 -9.639915 -9.642448 -9.644840 -9.647094 -9.649212 -9.651197 -9.653051 -9.654776 -9.656375 -9.657848 -9.659198 -9.660426 -9.661532 -9.662520 -9.663388 -9.664139 -9.664774 -9.665292 -9.665694 -9.665981 -9.666153 -9.666211 -9.666153 -9.665981 -9.665694 -9.665292 -9.664774 -9.664139 -9.663388 -9.662520 -9.661532 -9.660426 -9.659198 -9.657848 -9.656375 -9.654776 -9.653051 -9.651197 -9.649212 -9.647094 -9.644840 -9.642448 -9.639915 -9.637238 -9.634414 -9.631439 -9.628310 -9.625022 -9.621572 -9.617954 -9.614165 -9.610198 -9.606049 -9.601712 -9.597179 -9.592445 -9.587502 -9.582343 -9.576959 -9.571342 -9.565481 -9.559368 -9.552991 -9.546339 -9.539399 -9.532157 -9.524600 -9.516712 -9.508475 -9.499873 -9.490885 -9.481490 -9.471665 -9.461386 -9.450626 -9.439354 -9.427539 -9.415147 -9.402137 -9.388470 -9.374097 -9.358970 -9.343030 -9.326217 -9.308463 -9.289689 -9.269812 -9.248736 -9.226354 -9.202547 -9.177178 -9.150095 -9.121123 -9.090062 -9.056683 -9.020723 -8.981874 -8.939782 -8.894026 -8.844115 -8.789461 -8.729361 -8.662968 -8.589246 -8.506921 -8.414406 -8.309701 -8.190245 -8.052716 -7.892718 -7.704321 -7.479339 -7.206168 -6.867850 -6.438725 -5.878391 -5.120422 -4.050673 -2.465723 0.000000 3.953054 10.000000 
10.000000 5.812217 2.465723 -0.000000 -1.786455 -3.095147 -4.075022 -4.826939 -5.417756 -5.892046 -6.280043 -6.602705 -6.874893 -7.107372 -7.308106 -7.483091 -7.636922 -7.773173 -7.894663 -8.003644 -8.101934 -8.191017 -8.272116 -8.346247 -8.414260 -8.476875 -8.534700 -8.588258 -8.637995 -8.684300 -8.727508 -8.767914 -8.805774 -8.841315 -8.874737 -8.906218 -8.935914 -8.963968 -8.990505 -9.015638 -9.039469 -9.062091 -9.083586 -9.104030 -9.123491 -9.142032 -9.159710 -9.176578 -9.192682 -9.208067 -9.222772 -9.236836 -9.250291 -9.263170 -9.275502 -9.287314 -9.298630 -9.309475 -9.319868 -9.329831 -9.339382 -9.348538 -9.357316 -9.365730 -9.373795 -9.381524 -9.388928 -9.396021 -9.402811 -9.409310 -9.415526 -9.421469 -9.427146 -9.432566 -9.437736 -9.442662 -9.447351 -9.451809 -9.456041 -9.460052 -9.463848 -9.467432 -9.470810 -9.473984 -9.476959 -9.479738 -9.482323 -9.484719 -9.486927 -9.488949 -9.490789 -9.492448 -9.493928 -9.495230 -9.496355 -9.497306 -9.498082 -9.498685 -9.499115 -9.499373 -9.499459 -9.499373 -9.499115 -9.498685 -9.498082 -9.497306 -9.496355 -9.495230 -9.493928 -9.492448 -9.490789 -9.488949 -9.486927 -9.484719 -9.482323 -9.479738 -9.476959 -9.473984 -9.470810 -9.467432 -9.463848 -9.460052 -9.456041 -9.451809 -9.447351 -9.442662 -9.437736 -9.432566 -9.427146 -9.421469 -9.415526 -9.409310 -9.402811 -9.396021 -9.388928 -9.381524 -9.373795 -9.365730 -9.357316 -9.348538 -9.339382 -9.329831 -9.319868 -9.309475 -9.298630 -9.287314 -9.275502 -9.263170 -9.250291 -9.236836 -9.222772 -9.208067 -9.192682 -9.176578 -9.159710 -9.142032 -9.123491 -9.104030 -9.083586 -9.062091 -9.039469 -9.015638 -8.990505 -8.963968 -8.935914 -8.906218 -8.874737 -8.841315 -8.805774 -8.767914 -8.727508 -8.684300 -8.637995 -8.588258 -8.534700 -8.476875 -8.414260 -8.346247 -8.272116 -8.191017 -8.101934 -8.003644 -7.894663 -7.773173 -7.636922 -7.483091 -7.308106 -7.107372 -6.874893 -6.602705 -6.280043 -5.892046 -5.417756 -4.826939 -4.075022 -3.095147 -1.786455 -0.000000 2.465723 5.812217 10.000000 
10.000000 6.830092 4.050673 1.786455 -0.000000 -1.398689 -2.499609 -3.376254 -4.084191 -4.664217 -5.146081 -5.551564 -5.896775 -6.193775 -6.451715 -6.677635 -6.877017 -7.054186 -7.212590 -7.355011 -7.483713 -7.600557 -7.707085 -7.804584 -7.894138 -7.976665 -8.052946 -8.123652 -8.189360 -8.250572 -8.307723 -8.361194 -8.411320 -8.458395 -8.502680 -8.544407 -8.583783 -8.620991 -8.656196 -8.689548 -8.721179 -8.751211 -8.779753 -8.806904 -8.832755 -8.857388 -8.880878 -8.903293 -8.924697 -8.945147 -8.964696 -8.983395 -9.001286 -9.018413 -9.034814 -9.050524 -9.065576 -9.080001 -9.093828 -9.107083 -9.119791 -9.131974 -9.143654 -9.154851 -9.165584 -9.175869 -9.185724 -9.195164 -9.204202 -9.212852 -9.221127 -9.229038 -9.236596 -9.243812 -9.250694 -9.257252 -9.263495 -9.269430 -9.275065 -9.280406 -9.285459 -9.290232 -9.294729 -9.298956 -9.302917 -9.306617 -9.310060 -9.313250 -9.316190 -9.318884 -9.321334 -9.323543 -9.325513 -9.327247 -9.328746 -9.330012 -9.331046 -9.331849 -9.332422 -9.332765 -9.332880 -9.332765 -9.332422 -9.331849 -9.331046 -9.330012 -9.328746 -9.327247 -9.325513 -9.323543 -9.321334 -9.318884 -9.316190 -9.313250 -9.310060 -9.306617 -9.302917 -9.298956 -9.294729 -9.290232 -9.285459 -9.280406 -9.275065 -9.269430 -9.263495 -9.257252 -9.250694 -9.243812 -9.236596 -9.229038 -9.221127 -9.212852 -9.204202 -9.195164 -9.185724 -9.175869 -9.165584 -9.154851 -9.143654 -9.131974 -9.119791 -9.107083 -9.093828 -9.080001 -9.065576 -9.050524 -9.034814 -9.018413 -9.001286 -8.983395 -8.964696 -8.945147 -8.924697 -8.903293 -8.880878 -8.857388 -8.832755 -8.806904 -8.779753 -8.751211 -8.721179 -8.689548 -8.656196 -8.620991 -8.583783 -8.544407 -8.502680 -8.458395 -8.411320 -8.361194 -8.307723 -8.250572 -8.189360 -8.123652 -8.052946 -7.976665 -7.894138 -7.804584 -7.707085 -7.600557 -7.483713 -7.355011 -7.212590 -7.054186 -6.877017 -6.677635 -6.451715 -6.193775 -5.896775 -5.551564 -5.146081 -4.664217 -4.084191 -3.376254 -2.499609 -1.398689 -0.000000 1.786455 4.050673 6.830092 10.000000 
10.000000 7.457478 5.120422 3.095147 1.398689 -0.000000 -1.148472 -2.094278 -2.878535 -3.534551 -4.088499 -4.560695 -4.966869 -5.319236 -5.627346 -5.898717 -6.139326 -6.353963 -6.546500 -6.720097 -6.877351 -7.020414 -7.151082 -7.270867 -7.381044 -7.482700 -7.576766 -7.664043 -7.745222 -7.820906 -7.891618 -7.957820 -8.019917 -8.078265 -8.133182 -8.184949 -8.233819 -8.280015 -8.323741 -8.365177 -8.404488 -8.441821 -8.477311 -8.511080 -8.543238 -8.573887 -8.603119 -8.631019 -8.657665 -8.683128 -8.707472 -8.730760 -8.753046 -8.774382 -8.794815 -8.814391 -8.833148 -8.851126 -8.868360 -8.884882 -8.900723 -8.915912 -8.930475 -8.944436 -8.957819 -8.970646 -8.982936 -8.994708 -9.005981 -9.016771 -9.027092 -9.036960 -9.046388 -9.055390 -9.063976 -9.072158 -9.079947 -9.087351 -9.094382 -9.101046 -9.107352 -9.113307 -9.118919 -9.124193 -9.129136 -9.133754 -9.138050 -9.142031 -9.145700 -9.149062 -9.152120 -9.154877 -9.157336 -9.159500 -9.161370 -9.162950 -9.164240 -9.165243 -9.165958 -9.166386 -9.166529 -9.166386 -9.165958 -9.165243 -9.164240 -9.162950 -9.161370 -9.159500 -9.157336 -9.154877 -9.152120 -9.149062 -9.145700 -9.142031 -9.138050 -9.133754 -9.129136 -9.124193 -9.118919 -9.113307 -9.107352 -9.101046 -9.094382 -9.087351 -9.079947 -9.072158 -9.063976 -9.055390 -9.046388 -9.036960 -9.027092 -9.016771 -9.005981 -8.994708 -8.982936 -8.970646 -8.957819 -8.944436 -8.930475 -8.915912 -8.900723 -8.884882 -8.868360 -8.851126 -8.833148 -8.814391 -8.794815 -8.774382 -8.753046 -8.730760 -8.707472 -8.683128 -8.657665 -8.631019 -8.603119 -8.573887 -8.543238 -8.511080 -8.477311 -8.441821 -8.404488 -8.365177 -8.323741 -8.280015 -8.233819 -8.184949 -8.133182 -8.078265 -8.019917 -7.957820 -7.891618 -7.820906 -7.745222 -7.664043 -7.576766 -7.482700 -7.381044 -7.270867 -7.151082 -7.020414 -6.877351 -6.720097 -6.546500 -6.353963 -6.139326 -5.898717 -5.627346 -5.319236 -4.966869 -4.560695 -4.088499 -3.534551 -2.878535 -2.094278 -1.148472 -0.000000 1.398689 3.095147 5.120422 7.457478 10.000000 
10.000000 7.879397 5.878391 4.075022 2.499609 1.148472 -0.000000 -0.973850 -1.801121 -2.506952 -3.112670 -3.635849 -4.090768 -4.488956 -4.839713 -5.150561 -5.427608 -5.675839 -5.899350 -6.101526 -6.285179 -6.452664 -6.605964 -6.746757 -6.876469 -6.996326 -7.107377 -7.210532 -7.306580 -7.396210 -7.480024 -7.558552 -7.632261 -7.701566 -7.766832 -7.828389 -7.886528 -7.941511 -7.993576 -8.042933 -8.089775 -8.134275 -8.176591 -8.216865 -8.255230 -8.291803 -8.326693 -8.360000 -8.391817 -8.422226 -8.451306 -8.479127 -8.505756 -8.531253 -8.555676 -8.579075 -8.601500 -8.622996 -8.643603 -8.663362 -8.682309 -8.700477 -8.717897 -8.734599 -8.750611 -8.765959 -8.780665 -8.794753 -8.808244 -8.821157 -8.833510 -8.845322 -8.856608 -8.867383 -8.877662 -8.887457 -8.896782 -8.905648 -8.914065 -8.922044 -8.929595 -8.936726 -8.943446 -8.949762 -8.955681 -8.961211 -8.966356 -8.971124 -8.975518 -8.979544 -8.983206 -8.986508 -8.989453 -8.992045 -8.994286 -8.996178 -8.997723 -8.998923 -8.999780 -9.000294 -9.000465 -9.000294 -8.999780 -8.998923 -8.997723 -8.996178 -8.994286 -8.992045 -8.989453 -8.986508 -8.983206 -8.979544 -8.975518 -8.971124 -8.966356 -8.961211 -8.955681 -8.949762 -8.943446 -8.936726 -8.929595 -8.922044 -8.914065 -8.905648 -8.896782 -8.887457 -8.877662 -8.867383 -8.856608 -8.845322 -8.833510 -8.821157 -8.808244 -8.794753 -8.780665 -8.765959 -8.750611 -8.734599 -8.717897 -8.700477 -8.682309 -8.663362 -8.643603 -8.622996 -8.601500 -8.579075 -8.555676 -8.531253 -8.505756 -8.479127 -8.451306 -8.422226 -8.391817 -8.360000 -8.326693 -8.291803 -8.255230 -8.216865 -8.176591 -8.134275 -8.089775 -8.042933 -7.993576 -7.941511 -7.886528 -7.828389 -7.766832 -7.701566 -7.632261 -7.558552 -7.480024 -7.396210 -7.306580 -7.210532 -7.107377 -6.996326 -6.876469 -6.746757 -6.605964 -6.452664 -6.285179 -6.101526 -5.899350 -5.675839 -5.427608 -5.150561 -4.839713 -4.488956 -4.090768 -3.635849 -3.112670 -2.506952 -1.801121 -0.973850 -0.000000 1.148472 2.499609 4.075022 5.878391 7.879397 10.000000 
10.000000 8.181718 6.438725 4.826939 3.376254 2.094278 0.973850 -0.000000 -0.845147 -1.579468 -2.219378 -2.779263 -3.271400 -3.706107 -4.091991 -4.436207 -4.744705 -5.022436 -5.273537 -5.501477 -5.709175 -5.899101 -6.073354 -6.233726 -6.381752 -6.518756 -6.645883 -6.764127 -6.874357 -6.977330 -7.073716 -7.164103 -7.249011 -7.328904 -7.404193 -7.475246 -7.542392 -7.605927 -7.666117 -7.723204 -7.777403 -7.828912 -7.877911 -7.924562 -7.969013 -8.011401 -8.051849 -8.090473 -8.127376 -8.162654 -8.196397 -8.228686 -8.259597 -8.289200 -8.317559 -8.344734 -8.370782 -8.395753 -8.419696 -8.442655 -8.464673 -8.485788 -8.506037 -8.525453 -8.544068 -8.561912 -8.579012 -8.595395 -8.611084 -8.626102 -8.640471 -8.654210 -8.667338 -8.679873 -8.691831 -8.703227 -8.714076 -8.724392 -8.734186 -8.743471 -8.752258 -8.760556 -8.768377 -8.775727 -8.782616 -8.789052 -8.795041 -8.800589 -8.805704 -8.810390 -8.814653 -8.818496 -8.821925 -8.824941 -8.827549 -8.829752 -8.831551 -8.832948 -8.833945 -8.834543 -8.834742 -8.834543 -8.833945 -8.832948 -8.831551 -8.829752 -8.827549 -8.824941 -8.821925 -8.818496 -8.814653 -8.810390 -8.805704 -8.800589 -8.795041 -8.789052 -8.782616 -8.775727 -8.768377 -8.760556 -8.752258 -8.743471 -8.734186 -8.724392 -8.714076 -8.703227 -8.691831 -8.679873 -8.667338 -8.654210 -8.640471 -8.626102 -8.611084 -8.595395 -8.579012 -8.561912 -8.544068 -8.525453 -8.506037 -8.485788 -8.464673 -8.442655 -8.419696 -8.395753 -8.370782 -8.344734 -8.317559 -8.289200 -8.259597 -8.228686 -8.196397 -8.162654 -8.127376 -8.090473 -8.051849 -8.011401 -7.969013 -7.924562 -7.877911 -7.828912 -7.777403 -7.723204 -7.666117 -7.605927 -7.542392 -7.475246 -7.404193 -7.328904 -7.249011 -7.164103 -7.073716 -6.977330 -6.874357 -6.764127 -6.645883 -6.518756 -6.381752 -6.233726 -6.073354 -5.899101 -5.709175 -5.501477 -5.273537 -5.022436 -4.744705 -4.436207 -4.091991 -3.706107 -3.271400 -2.779263 -2.219378 -1.579468 -0.845147 -0.000000 0.973850 2.094278 3.376254 4.826939 6.438725 8.181718 10.000000 
10.000000 8.408751 6.867850 5.417756 4.084191 2.878535 1.801121 0.845147 -0.000000 -0.746395 -1.406111 -1.990426 -2.509460 -2.972080 -3.385935 -3.757573 -4.092568 -4.395662 -4.670885 -4.921669 -5.150942 -5.361211 -5.554626 -5.733040 -5.898057 -6.051064 -6.193272 -6.325738 -6.449389 -6.565039 -6.673407 -6.775132 -6.870777 -6.960846 -7.045790 -7.126009 -7.201866 -7.273687 -7.341763 -7.406361 -7.467721 -7.526061 -7.581579 -7.634457 -7.684860 -7.732938 -7.778831 -7.822665 -7.864559 -7.904618 -7.942942 -7.979624 -8.014747 -8.048390 -8.080626 -8.111521 -8.141139 -8.169538 -8.196771 -8.222890 -8.247940 -8.271967 -8.295010 -8.317108 -8.338297 -8.358609 -8.378077 -8.396730 -8.414595 -8.431697 -8.448060 -8.463708 -8.478661 -8.492940 -8.506562 -8.519544 -8.531905 -8.543657 -8.554817 -8.565397 -8.575409 -8.584865 -8.593777 -8.602154 -8.610005 -8.617339 -8.624165 -8.630489 -8.636319 -8.641660 -8.646519 -8.650900 -8.654807 -8.658246 -8.661219 -8.663730 -8.665780 -8.667373 -8.668510 -8.669191 -8.669418 -8.669191 -8.668510 -8.667373 -8.665780 -8.663730 -8.661219 -8.658246 -8.654807 -8.650900 -8.646519 -8.641660 -8.636319 -8.630489 -8.624165 -8.617339 -8.610005 -8.602154 -8.593777 -8.584865 -8.575409 -8.565397 -8.554817 -8.543657 -8.531905 -8.519544 -8.506562 -8.492940 -8.478661 -8.463708 -8.448060 -8.431697 -8.414595 -8.396730 -8.378077 -8.358609 -8.338297 -8.317108 -8.295010 -8.271967 -8.247940 -8.222890 -8.196771 -8.169538 -8.141139 -8.111521 -8.080626 -8.048390 -8.014747 -7.979624 -7.942942 -7.904618 -7.864559 -7.822665 -7.778831 -7.732938 -7.684860 -7.634457 -7.581579 -7.526061 -7.467721 -7.406361 -7.341763 -7.273687 -7.201866 -7.126009 -7.045790 -6.960846 -6.870777 -6.775132 -6.673407 -6.565039 -6.449389 -6.325738 -6.193272 -6.051064 -5.898057 -5.733040 -5.554626 -5.361211 -5.150942 -4.921669 -4.670885 -4.395662 -4.092568 -3.757573 -3.385935 -2.972080 -2.509460 -1.990426 -1.406111 -0.746395 -0.000000 0.845147 1.801121 2.878535 4.084191 5.417756 6.867850 8.408751 10.000000 
10.000000 8.585436 7.206168 5.892046 4.664217 3.534551 2.506952 1.579468 0.746395 -0.000000 -0.668245 -1.266868 -1.803936 -2.286817 -2.722098 -3.115580 -3.472333 -3.796759 -4.092672 -4.363372 -4.611714 -4.840174 -5.050898 -5.245754 -5.426370 -5.594171 -5.750403 -5.896164 -6.032421 -6.160028 -6.279743 -6.392240 -6.498118 -6.597915 -6.692110 -6.781135 -6.865378 -6.945190 -7.020888 -7.092757 -7.161059 -7.226031 -7.287888 -7.346828 -7.403030 -7.456661 -7.507871 -7.556800 -7.603575 -7.648316 -7.691131 -7.732120 -7.771377 -7.808988 -7.845032 -7.879586 -7.912716 -7.944488 -7.974962 -8.004192 -8.032232 -8.059128 -8.084928 -8.109672 -8.133401 -8.156151 -8.177958 -8.198853 -8.218868 -8.238030 -8.256366 -8.273901 -8.290660 -8.306663 -8.321931 -8.336484 -8.350340 -8.363516 -8.376027 -8.387889 -8.399115 -8.409719 -8.419712 -8.429106 -8.437910 -8.446136 -8.453791 -8.460884 -8.467422 -8.473413 -8.478862 -8.483776 -8.488159 -8.492016 -8.495351 -8.498167 -8.500468 -8.502254 -8.503529 -8.504294 -8.504548 -8.504294 -8.503529 -8.502254 -8.500468 -8.498167 -8.495351 -8.492016 -8.488159 -8.483776 -8.478862 -8.473413 -8.467422 -8.460884 -8.453791 -8.446136 -8.437910 -8.429106 -8.419712 -8.409719 -8.399115 -8.387889 -8.376027 -8.363516 -8.350340 -8.336484 -8.321931 -8.306663 -8.290660 -8.273901 -8.256366 -8.238030 -8.218868 -8.198853 -8.177958 -8.156151 -8.133401 -8.109672 -8.084928 -8.059128 -8.032232 -8.004192 -7.974962 -7.944488 -7.912716 -7.879586 -7.845032 -7.808988 -7.771377 -7.732120 -7.691131 -7.648316 -7.603575 -7.556800 -7.507871 -7.456661 -7.403030 -7.346828 -7.287888 -7.226031 -7.161059 -7.092757 -7.020888 -6.945190 -6.865378 -6.781135 -6.692110 -6.597915 -6.498118 -6.392240 -6.279743 -6.160028 -6.032421 -5.896164 -5.750403 -5.594171 -5.426370 -5.245754 -5.050898 -4.840174 -4.611714 -4.363372 -4.092672 -3.796759 -3.472333 -3.115580 -2.722098 -2.286817 -1.803936 -1.266868 -0.668245 -0.000000 0.746395 1.579468 2.506952 3.534551 4.664217 5.892046 7.206168 8.585436 10.000000 
10.000000 8.726824 7.479339 6.280043 5.146081 4.088499 3.112670 2.219378 1.406111 0.668245 -0.000000 -0.604867 -1.152599 -1.649156 -2.100058 -2.510317 -2.884425 -3.226369 -3.539673 -3.827432 -4.092369 -4.336872 -4.563037 -4.772706 -4.967500 -5.148846 -5.318005 -5.476095 -5.624103 -5.762909 -5.893297 -6.015966 -6.131541 -6.240585 -6.343600 -6.441043 -6.533322 -6.620809 -6.703840 -6.782720 -6.857728 -6.929115 -6.997114 -7.061936 -7.123773 -7.182804 -7.239192 -7.293087 -7.344627 -7.393941 -7.441144 -7.486348 -7.529652 -7.571151 -7.610931 -7.649073 -7.685652 -7.720738 -7.754395 -7.786686 -7.817665 -7.847387 -7.875900 -7.903252 -7.929484 -7.954637 -7.978750 -8.001858 -8.023994 -8.045189 -8.065472 -8.084872 -8.103413 -8.121121 -8.138016 -8.154121 -8.169456 -8.184039 -8.197887 -8.211018 -8.223445 -8.235183 -8.246247 -8.256647 -8.266395 -8.275502 -8.283978 -8.291833 -8.299073 -8.305707 -8.311741 -8.317183 -8.322037 -8.326309 -8.330002 -8.333121 -8.335668 -8.337647 -8.339059 -8.339906 -8.340188 -8.339906 -8.339059 -8.337647 -8.335668 -8.333121 -8.330002 -8.326309 -8.322037 -8.317183 -8.311741 -8.305707 -8.299073 -8.291833 -8.283978 -8.275502 -8.266395 -8.256647 -8.246247 -8.235183 -8.223445 -8.211018 -8.197887 -8.184039 -8.169456 -8.154121 -8.138016 -8.121121 -8.103413 -8.084872 -8.065472 -8.045189 -8.023994 -8.001858 -7.978750 -7.954637 -7.929484 -7.903252 -7.875900 -7.847387 -7.817665 -7.786686 -7.754395 -7.720738 -7.685652 -7.649073 -7.610931 -7.571151 -7.529652 -7.486348 -7.441144 -7.393941 -7.344627 -7.293087 -7.239192 -7.182804 -7.123773 -7.061936 -6.997114 -6.929115 -6.857728 -6.782720 -6.703840 -6.620809 -6.533322 -6.441043 -6.343600 -6.240585 -6.131541 -6.015966 -5.893297 -5.762909 -5.624103 -5.476095 -5.318005 -5.148846 -4.967500 -4.772706 -4.563037 -4.336872 -4.092369 -3.827432 -3.539673 -3.226369 -2.884425 -2.510317 -2.100058 -1.649156 -1.152599 -0.604867 -0.000000 0.668245 1.406111 2.219378 3.112670 4.088499 5.146081 6.280043 7.479339 8.726824 10.000000 
10.000000 8.842522 7.704321 6.602705 5.551564 4.560695 3.635849 2.779263 1.990426 1.266868 0.604867 0.000000 -0.552437 -1.057149 -1.518660 -1.941205 -2.328679 -2.684622 -3.012216 -3.314315 -3.593459 -3.851909 -4.091673 -4.314534 -4.522076 -4.715707 -4.896678 -5.066106 -5.224987 -5.374209 -5.514570 -5.646786 -5.771497 -5.889282 -6.000664 -6.106113 -6.206057 -6.300883 -6.390943 -6.476557 -6.558016 -6.635589 -6.709518 -6.780027 -6.847322 -6.911591 -6.973007 -7.031729 -7.087907 -7.141674 -7.193158 -7.242475 -7.289734 -7.335033 -7.378468 -7.420123 -7.460080 -7.498415 -7.535196 -7.570490 -7.604357 -7.636854 -7.668035 -7.697950 -7.726645 -7.754164 -7.780547 -7.805834 -7.830060 -7.853259 -7.875463 -7.896701 -7.917001 -7.936390 -7.954891 -7.972529 -7.989324 -8.005296 -8.020465 -8.034849 -8.048463 -8.061323 -8.073444 -8.084839 -8.095521 -8.105500 -8.114788 -8.123395 -8.131330 -8.138600 -8.145214 -8.151177 -8.156498 -8.161179 -8.165227 -8.168646 -8.171438 -8.173607 -8.175155 -8.176083 -8.176392 -8.176083 -8.175155 -8.173607 -8.171438 -8.168646 -8.165227 -8.161179 -8.156498 -8.151177 -8.145214 -8.138600 -8.131330 -8.123395 -8.114788 -8.105500 -8.095521 -8.084839 -8.073444 -8.061323 -8.048463 -8.034849 -8.020465 -8.005296 -7.989324 -7.972529 -7.954891 -7.936390 -7.917001 -7.896701 -7.875463 -7.853259 -7.830060 -7.805834 -7.780547 -7.754164 -7.726645 -7.697950 -7.668035 -7.636854 -7.604357 -7.570490 -7.535196 -7.498415 -7.460080 -7.420123 -7.378468 -7.335033 -7.289734 -7.242475 -7.193158 -7.141674 -7.087907 -7.031729 -6.973007 -6.911591 -6.847322 -6.780027 -6.709518 -6.635589 -6.558016 -6.476557 -6.390943 -6.300883 -6.206057 -6.106113 -6.000664 -5.889282 -5.771497 -5.646786 -5.514570 -5.374209 -5.224987 -5.066106 -4.896678 -4.715707 -4.522076 -4.314534 -4.091673 -3.851909 -3.593459 -3.314315 -3.012216 -2.684622 -2.328679 -1.941205 -1.518660 -1.057149 -0.552437 -0.000000 0.604867 1.266868 1.990426 2.779263 3.635849 4.560695 5.551564 6.602705 7.704321 8.842522 10.000000 
10.000000 8.938942 7.892718 6.874893 5.896775 4.966869 4.090768 3.271400 2.509460 1.803936 1.152599 0.552437 0.000000 -0.508344 -0.976228 -1.407163 -1.804467 -2.171221 -2.510257 -2.824152 -3.115243 -3.385631 -3.637211 -3.871681 -4.090565 -4.295227 -4.486895 -4.666666 -4.835528 -4.994370 -5.143990 -5.285109 -5.418378 -5.544384 -5.663660 -5.776690 -5.883911 -5.985724 -6.082492 -6.174547 -6.262192 -6.345705 -6.425341 -6.501334 -6.573897 -6.643230 -6.709514 -6.772917 -6.833595 -6.891691 -6.947339 -7.000662 -7.051773 -7.100781 -7.147783 -7.192871 -7.236132 -7.277645 -7.317485 -7.355721 -7.392418 -7.427638 -7.461437 -7.493868 -7.524982 -7.554825 -7.583441 -7.610871 -7.637153 -7.662325 -7.686419 -7.709467 -7.731501 -7.752546 -7.772631 -7.791779 -7.810014 -7.827357 -7.843829 -7.859449 -7.874235 -7.888202 -7.901368 -7.913745 -7.925348 -7.936189 -7.946280 -7.955630 -7.964251 -7.972150 -7.979336 -7.985816 -7.991596 -7.996683 -8.001082 -8.004797 -8.007831 -8.010188 -8.011870 -8.012878 -8.013214 -8.012878 -8.011870 -8.010188 -8.007831 -8.004797 -8.001082 -7.996683 -7.991596 -7.985816 -7.979336 -7.972150 -7.964251 -7.955630 -7.946280 -7.936189 -7.925348 -7.913745 -7.901368 -7.888202 -7.874235 -7.859449 -7.843829 -7.827357 -7.810014 -7.791779 -7.772631 -7.752546 -7.731501 -7.709467 -7.686419 -7.662325 -7.637153 -7.610871 -7.583441 -7.554825 -7.524982 -7.493868 -7.461437 -7.427638 -7.392418 -7.355721 -7.317485 -7.277645 -7.236132 -7.192871 -7.147783 -7.100781 -7.051774 -7.000662 -6.947339 -6.891691 -6.833595 -6.772917 -6.709514 -6.643230 -6.573897 -6.501334 -6.425341 -6.345705 -6.262192 -6.174547 -6.082492 -5.985724 -5.883911 -5.776690 -5.663660 -5.544384 -5.418378 -5.285109 -5.143990 -4.994370 -4.835528 -4.666666 -4.486895 -4.295227 -4.090565 -3.871681 -3.637211 -3.385631 -3.115243 -2.824152 -2.510257 -2.171221 -1.804467 -1.407163 -0.976228 -0.508344 -0.000000 0.552437 1.152599 1.803936 2.509460 3.271400 4.090768 4.966869 5.896775 6.874893 7.892718 8.938942 10.000000 
10.000000 9.020529 8.052716 7.107372 6.193775 5.319236 4.488956 3.706107 2.972080 2.286817 1.649156 1.057149 0.508344 0.000000 -0.470745 -0.906753 -1.310803 -1.685538 -2.033437 -2.356796 -2.657727 -2.938163 -3.199860 -3.444415 -3.673274 -3.887743 -4.089007 -4.278134 -4.456091 -4.623752 -4.781911 -4.931283 -5.072521 -5.206215 -5.332903 -5.453074 -5.567174 -5.675610 -5.778754 -5.876946 -5.970499 -6.059699 -6.144808 -6.226069 -6.303704 -6.377918 -6.448902 -6.516830 -6.581865 -6.644157 -6.703845 -6.761059 -6.815918 -6.868534 -6.919012 -6.967447 -7.013932 -7.058549 -7.101377 -7.142490 -7.181957 -7.219843 -7.256206 -7.291104 -7.324590 -7.356714 -7.387521 -7.417055 -7.445358 -7.472468 -7.498420 -7.523249 -7.546987 -7.569664 -7.591307 -7.611942 -7.631596 -7.650289 -7.668045 -7.684884 -7.700824 -7.715884 -7.730079 -7.743426 -7.755938 -7.767629 -7.778511 -7.788596 -7.797893 -7.806413 -7.814164 -7.821153 -7.827389 -7.832876 -7.837621 -7.841628 -7.844901 -7.847444 -7.849258 -7.850346 -7.850709 -7.850346 -7.849258 -7.847444 -7.844901 -7.841628 -7.837621 -7.832876 -7.827389 -7.821153 -7.814164 -7.806413 -7.797893 -7.788596 -7.778511 -7.767629 -7.755938 -7.743426 -7.730079 -7.715884 -7.700824 -7.684884 -7.668045 -7.650289 -7.631596 -7.611942 -7.591307 -7.569664 -7.546987 -7.523249 -7.498420 -7.472468 -7.445358 -7.417055 -7.387521 -7.356714 -7.324590 -7.291104 -7.256206 -7.219843 -7.181957 -7.142490 -7.101377 -7.058549 -7.013932 -6.967447 -6.919012 -6.868534 -6.815918 -6.761059 -6.703845 -6.644157 -6.581865 -6.516830 -6.448902 -6.377918 -6.303704 -6.226069 -6.144808 -6.059699 -5.970499 -5.876946 -5.778754 -5.675610 -5.567174 -5.453074 -5.332903 -5.206215 -5.072521 -4.931283 -4.781911 -4.623752 -4.456091 -4.278134 -4.089007 -3.887743 -3.673274 -3.444415 -3.199860 -2.938163 -2.657727 -2.356796 -2.033437 -1.685538 -1.310803 -0.906753 -0.470745 -0.000000 0.508344 1.057149 1.649156 2.286817 2.972080 3.706107 4.488956 5.319236 6.193775 7.107372 8.052716 9.020529 10.000000 
10.000000 9.090459 8.190245 7.308106 6.451715 5.627346 4.839713 4.091991 3.385935 2.722098 2.100058 1.518660 0.976228 0.470745 0.000000 -0.438302 -0.846454 -1.226692 -1.581157 -1.911866 -2.220708 -2.509432 -2.779651 -3.032846 -3.270371 -3.493465 -3.703256 -3.900772 -4.086948 -4.262638 -4.428617 -4.585592 -4.734208 -4.875052 -5.008663 -5.135529 -5.256100 -5.370787 -5.479967 -5.583986 -5.683160 -5.777783 -5.868124 -5.954430 -6.036931 -6.115837 -6.191346 -6.263637 -6.332879 -6.399227 -6.462826 -6.523810 -6.582305 -6.638426 -6.692282 -6.743975 -6.793598 -6.841241 -6.886984 -6.930906 -6.973078 -7.013569 -7.052440 -7.089753 -7.125561 -7.159919 -7.192873 -7.224471 -7.254756 -7.283768 -7.311545 -7.338123 -7.363536 -7.387815 -7.410990 -7.433088 -7.454137 -7.474159 -7.493179 -7.511217 -7.528295 -7.544430 -7.559640 -7.573941 -7.587349 -7.599878 -7.611540 -7.622348 -7.632313 -7.641445 -7.649753 -7.657245 -7.663929 -7.669811 -7.674898 -7.679194 -7.682703 -7.685428 -7.687373 -7.688540 -7.688928 -7.688540 -7.687373 -7.685428 -7.682703 -7.679194 -7.674898 -7.669811 -7.663929 -7.657245 -7.649753 -7.641445 -7.632313 -7.622348 -7.611540 -7.599878 -7.587349 -7.573941 -7.559640 -7.544430 -7.528295 -7.511217 -7.493179 -7.474159 -7.454137 -7.433088 -7.410990 -7.387815 -7.363536 -7.338123 -7.311545 -7.283768 -7.254756 -7.224471 -7.192873 -7.159919 -7.125561 -7.089753 -7.052440 -7.013569 -6.973078 -6.930906 -6.886984 -6.841241 -6.793598 -6.743975 -6.692282 -6.638426 -6.582305 -6.523810 -6.462826 -6.399227 -6.332879 -6.263637 -6.191346 -6.115837 -6.036931 -5.954430 -5.868124 -5.777783 -5.683160 -5.583986 -5.479967 -5.370787 -5.256100 -5.135529 -5.008663 -4.875052 -4.734208 -4.585592 -4.428617 -4.262638 -4.086948 -3.900772 -3.703256 -3.493465 -3.270371 -3.032846 -2.779651 -2.509432 -2.220708 -1.911866 -1.581157 -1.226692 -0.846454 -0.438302 -0.000000 0.470745 0.976228 1.518660 2.100058 2.722098 3.385935 4.091991 4.839713 5.627346 6.451715 7.308106 8.190245 9.090459 10.000000 
10.000000 9.151060 8.309701 7.483091 6.677635 5.898717 5.150561 4.436207 3.757573 3.115580 2.510317 1.941205 1.407163 0.906753 0.438302 0.000000 -0.410019 -0.793621 -1.152631 -1.488804 -1.803807 -2.099206 -2.376466 -2.636945 -2.881900 -3.112490 -3.329780 -3.534749 -3.728293 -3.911235 -4.084327 -4.248260 -4.403666 -4.551124 -4.691166 -4.824279 -4.950911 -5.071472 -5.186342 -5.295869 -5.400373 -5.500150 -5.595474 -5.686596 -5.773751 -5.857155 -5.937006 -6.013493 -6.086786 -6.157046 -6.224421 -6.289051 -6.351065 -6.410583 -6.467717 -6.522572 -6.575246 -6.625831 -6.674413 -6.721071 -6.765881 -6.808913 -6.850234 -6.889905 -6.927984 -6.964526 -6.999582 -7.033200 -7.065426 -7.096302 -7.125868 -7.154162 -7.181218 -7.207070 -7.231749 -7.255284 -7.277703 -7.299032 -7.319294 -7.338512 -7.356708 -7.373900 -7.390108 -7.405349 -7.419639 -7.432992 -7.445423 -7.456944 -7.467566 -7.477301 -7.486158 -7.494145 -7.501271 -7.507542 -7.512966 -7.517546 -7.521287 -7.524193 -7.526267 -7.527510 -7.527925 -7.527510 -7.526267 -7.524193 -7.521287 -7.517546 -7.512966 -7.507542 -7.501271 -7.494145 -7.486158 -7.477301 -7.467566 -7.456944 -7.445423 -7.432992 -7.419639 -7.405349 -7.390108 -7.373900 -7.356708 -7.338512 -7.319294 -7.299032 -7.277703 -7.255284 -7.231749 -7.207070 -7.181218 -7.154162 -7.125868 -7.096302 -7.065426 -7.033200 -6.999582 -6.964526 -6.927984 -6.889905 -6.850234 -6.808913 -6.765881 -6.721071 -6.674413 -6.625831 -6.575246 -6.522572 -6.467717 -6.410583 -6.351065 -6.289051 -6.224421 -6.157046 -6.086786 -6.013493 -5.937006 -5.857155 -5.773751 -5.686596 -5.595474 -5.500150 -5.400373 -5.295869 -5.186342 -5.071472 -4.950911 -4.824279 -4.691166 -4.551124 -4.403666 -4.248260 -4.084327 -3.911235 -3.728293 -3.534749 -3.329780 -3.112490 -2.881900 -2.636945 -2.376466 -2.099206 -1.803807 -1.488804 -1.152631 -0.793621 -0.410019 0.000000 0.438302 0.906753 1.407163 1.941205 2.510317 3.115580 3.757573 4.436207 5.150561 5.898717 6.677635 7.483091 8.309701 9.151060 10.000000 
10.000000 9.204081 8.414406 7.636922 6.877017 6.139326 5.427608 4.744705 4.092568 3.472333 2.884425 2.328679 1.804467 1.310803 0.846454 0.410019 0.000000 -0.385141 -0.746943 -1.086913 -1.406509 -1.707121 -1.990062 -2.256568 -2.507795 -2.744815 -2.968626 -3.180151 -3.380240 -3.569680 -3.749196 -3.919455 -4.081072 -4.234613 -4.380599 -4.519511 -4.651791 -4.777849 -4.898060 -5.012774 -5.122312 -5.226970 -5.327025 -5.422730 -5.514323 -5.602023 -5.686033 -5.766542 -5.843726 -5.917748 -5.988762 -6.056909 -6.122321 -6.185123 -6.245430 -6.303350 -6.358983 -6.412426 -6.463765 -6.513084 -6.560462 -6.605970 -6.649677 -6.691648 -6.731943 -6.770619 -6.807729 -6.843322 -6.877447 -6.910147 -6.941464 -6.971438 -7.000104 -7.027498 -7.053652 -7.078597 -7.102361 -7.124971 -7.146452 -7.166829 -7.186123 -7.204355 -7.221544 -7.237709 -7.252866 -7.267030 -7.280216 -7.292438 -7.303707 -7.314035 -7.323432 -7.331906 -7.339467 -7.346122 -7.351876 -7.356736 -7.360706 -7.363790 -7.365991 -7.367311 -7.367750 -7.367311 -7.365991 -7.363790 -7.360706 -7.356736 -7.351876 -7.346122 -7.339467 -7.331906 -7.323432 -7.314035 -7.303707 -7.292438 -7.280216 -7.267030 -7.252866 -7.237709 -7.221544 -7.204355 -7.186123 -7.166829 -7.146452 -7.124971 -7.102361 -7.078597 -7.053652 -7.027498 -7.000104 -6.971438 -6.941464 -6.910147 -6.877447 -6.843322 -6.807729 -6.770619 -6.731943 -6.691648 -6.649677 -6.605970 -6.560462 -6.513085 -6.463765 -6.412426 -6.358983 -6.303350 -6.245430 -6.185123 -6.122321 -6.056909 -5.988762 -5.917748 -5.843726 -5.766542 -5.686033 -5.602023 -5.514324 -5.422730 -5.327025 -5.226970 -5.122312 -5.012774 -4.898060 -4.777849 -4.651791 -4.519511 -4.380599 -4.234613 -4.081072 -3.919455 -3.749196 -3.569680 -3.380240 -3.180151 -2.968626 -2.744815 -2.507795 -2.256568 -1.990062 -1.707121 -1.406509 -1.086913 -0.746943 -0.385141 0.000000 0.410019 0.846454 1.310803 1.804467 2.328679 2.884425 3.472333 4.092568 4.744705 5.427608 6.139326 6.877017 7.636922 8.414406 9.204081 10.000000 
10.000000 9.250858 8.506921 7.773173 7.054186 6.353963 5.675839 5.022436 4.395662 3.796759 3.226369 2.684622 2.171221 1.685538 1.226692 0.793621 0.385141 0.000000 -0.363085 -0.705397 -1.028197 -1.332705 -1.620092 -1.891472 -2.147895 -2.390349 -2.619759 -2.836987 -3.042836 -3.238051 -3.423323 -3.599293 -3.766554 -3.925656 -4.077105 -4.221373 -4.358894 -4.490071 -4.615277 -4.734856 -4.849130 -4.958394 -5.062925 -5.162977 -5.258789 -5.350582 -5.438560 -5.522916 -5.603827 -5.681460 -5.755970 -5.827501 -5.896188 -5.962159 -6.025530 -6.086414 -6.144912 -6.201123 -6.255137 -6.307040 -6.356912 -6.404827 -6.450857 -6.495068 -6.537522 -6.578278 -6.617391 -6.654913 -6.690892 -6.725375 -6.758404 -6.790021 -6.820263 -6.849166 -6.876765 -6.903090 -6.928172 -6.952038 -6.974716 -6.996229 -7.016601 -7.035853 -7.054005 -7.071077 -7.087085 -7.102045 -7.115974 -7.128884 -7.140789 -7.151700 -7.161628 -7.170581 -7.178570 -7.185601 -7.191682 -7.196817 -7.201012 -7.204271 -7.206596 -7.207991 -7.208455 -7.207991 -7.206596 -7.204271 -7.201012 -7.196817 -7.191682 -7.185601 -7.178570 -7.170581 -7.161628 -7.151700 -7.140789 -7.128884 -7.115974 -7.102045 -7.087085 -7.071077 -7.054005 -7.035853 -7.016601 -6.996229 -6.974716 -6.952038 -6.928172 -6.903090 -6.876765 -6.849166 -6.820263 -6.790021 -6.758404 -6.725375 -6.690892 -6.654913 -6.617391 -6.578278 -6.537522 -6.495068 -6.450857 -6.404827 -6.356912 -6.307040 -6.255137 -6.201123 -6.144912 -6.086414 -6.025530 -5.962159 -5.896188 -5.827501 -5.755970 -5.681460 -5.603827 -5.522916 -5.438560 -5.350582 -5.258789 -5.162977 -5.062925 -4.958394 -4.849130 -4.734856 -4.615277 -4.490071 -4.358894 -4.221373 -4.077105 -3.925656 -3.766554 -3.599293 -3.423323 -3.238051 -3.042836 -2.836987 -2.619759 -2.390349 -2.147895 -1.891472 -1.620092 -1.332705 -1.028197 -0.705397 -0.363085 0.000000 0.385141 0.793621 1.226692 1.685538 2.171221 2.684622 3.226369 3.796759 4.395662 5.022436 5.675839 6.353963 7.054186 7.773173 8.506921 9.250858 10.000000 
10.000000 9.292431 8.589246 7.894663 7.212590 6.546500 5.899350 5.273537 4.670885 4.092672 3.539673 3.012216 2.510257 2.033437 1.581157 1.152631 0.746943 0.363085 0.000000 -0.343393 -0.668175 -0.975410 -1.266130 -1.541332 -1.801964 -2.048928 -2.283074 -2.505203 -2.716066 -2.916363 -3.106751 -3.287839 -3.460196 -3.624351 -3.780794 -3.929983 -4.072342 -4.208265 -4.338119 -4.462244 -4.580957 -4.694552 -4.803302 -4.907464 -5.007274 -5.102954 -5.194710 -5.282735 -5.367207 -5.448295 -5.526156 -5.600936 -5.672772 -5.741793 -5.808119 -5.871862 -5.933128 -5.992017 -6.048621 -6.103027 -6.155318 -6.205570 -6.253856 -6.300245 -6.344799 -6.387581 -6.428645 -6.468046 -6.505834 -6.542056 -6.576757 -6.609979 -6.641760 -6.672139 -6.701150 -6.728826 -6.755198 -6.780295 -6.804144 -6.826770 -6.848198 -6.868450 -6.887547 -6.905508 -6.922351 -6.938093 -6.952750 -6.966337 -6.978865 -6.990349 -7.000797 -7.010222 -7.018631 -7.026032 -7.032432 -7.037838 -7.042254 -7.045684 -7.048132 -7.049600 -7.050090 -7.049600 -7.048132 -7.045684 -7.042254 -7.037838 -7.032432 -7.026032 -7.018631 -7.010222 -7.000797 -6.990349 -6.978865 -6.966337 -6.952750 -6.938093 -6.922351 -6.905508 -6.887547 -6.868450 -6.848198 -6.826770 -6.804144 -6.780295 -6.755198 -6.728826 -6.701150 -6.672139 -6.641760 -6.609979 -6.576757 -6.542056 -6.505834 -6.468046 -6.428645 -6.387581 -6.344799 -6.300245 -6.253856 -6.205570 -6.155318 -6.103027 -6.048621 -5.992017 -5.933128 -5.871862 -5.808119 -5.741793 -5.672772 -5.600936 -5.526156 -5.448295 -5.367207 -5.282735 -5.194710 -5.102954 -5.007274 -4.907464 -4.803302 -4.694552 -4.580957 -4.462244 -4.338119 -4.208265 -4.072342 -3.929983 -3.780794 -3.624351 -3.460196 -3.287839 -3.106751 -2.916363 -2.716066 -2.505203 -2.283074 -2.048928 -1.801964 -1.541332 -1.266130 -0.975410 -0.668175 -0.343393 0.000000 0.363085 0.746943 1.152631 1.581157 2.033437 2.510257 3.012216 3.539673 4.092672 4.670885 5.273537 5.899350 6.546500 7.212590 7.894663 8.589246 9.292431 10.000000 
